year,doy,hour,mean,std
2014,191,11,0.33890400000000004,0.04246034799668977
2015,169,9,0.09028800000000001,0.0
2015,202,10,0.18144000000000002,0.007942223366287296
2015,283,12,0.123336,0.0045820519420888385
2016,83,12,0.01296,0.00324
2016,83,13,0.050112,0.012528
2016,134,10,0.05194800000000001,0.011760599984694661
2016,168,10,0.130032,0.05926120511768218
2016,200,13,0.384912,0.07392377133236638
2016,252,12,0.1593,0.021230173998344908
2016,292,10,0.020196000000000002,0.027339576587796673
2016,342,9,0.009072000000000002,0.01099692466101319
2017,109,15,0.032616,0.0030547012947258812
2017,145,10,0.129276,0.036350945407238
2017,171,12,0.14936400000000002,0.013593420761530198
2017,200,13,0.216756,0.010844189596276905
2017,262,13,0.178416,0.053457272657702996
2017,311,11,0.044928,0.0507080414924497
2018,108,10,0.034668000000000004,0.012677010373112418
2018,131,9,0.100224,0.025056
2018,131,10,0.079488,0.019872
2018,159,12,0.241488,0.060372
2018,159,13,0.195696,0.048924
2018,213,13,0.12398400000000001,0.030241542817786272
2018,261,14,0.215892,0.021535644127817492
2019,114,10,0.045468,0.002596496100517001
2019,155,11,0.32270400000000005,0.014051625955739087
2019,199,12,0.19764,0.16220463874994454
2019,231,12,0.28339200000000003,0.013746155826266504
2021,112,10,0.041796,0.010449
2021,138,10,0.130032,0.032508
2021,174,9,0.16686,0.041715
2021,201,14,0.193536,0.048384
2021,235,9,0.24570000000000003,0.06142500000000001
2021,265,10,0.1721088,0.0430272
2021,299,10,0.08262000000000001,0.020655000000000003
